28000042
28000078
28000111
28000315
28000376
28000595
28000601
28000753
28000856
28001149
28001277
28001289
28001371
28001551
28001617
28001629
28001678
28001681
28001769
28001770
28001794
28001812
28001848
28001940
28001952
28002014
28002041
28002166
28002181
28002270
28002282
28002415
28002580
28002671
28002695
28002804
28002853
28002865
28002890
28002956
28003201
28003286
28003328
28003420
28003456
28003523
28003791
28003833
28003845
28003882
28003900
28003961
28004904
28004965
28004989
28005003
28005039
28005106
28005167
28005179
28005234
28005246
28005258
28005261
28005271
28005350
28005404
28005490
28005568
28005571
28005635
28005684
28005696
28005726
28005741
28005817
28005830
28005854
28005866
28005881
28005891
28005933
28005945
28006044
28006056
28006068
28006101
28006160
28006172
28006214
28006238
28006251
28006263
28006381
28010394
28010412
28010461
28010473
28010497
28010539
28010552
28010576
28010618
28010722
28010746
28010813
28010886
28010898
28010916
28011040
28011684
28013899
28018368
28018401
28018708
28019439
28019567
28020119
28020201
28020341
28020582
28020624
28020727
28020740
28020958
28021008
28021057
28021124
28021148
28021215
28021291
28021321
28021367
28021434
28021446
28021461
28022207
28022864
28022888
28022891
28022943
28022980
28023005
28023017
28023145
28023157
28023297
28023388
28023480
28023546
28023662
28023674
28023911
28024061
28024307
28024319
28024502
28024617
28024629
28024794
28024861
28024873
28024964
28024976
28025075
28025312
28025567
28025634
28025661
28025804
28025816
28025841
28025956
28025968
28025971
28025981
28026006
28026043
28026067
28026092
28026535
28026547
28026602
28028131
28028362
28028431
28028453
28028571
28028611
28028775
28028799
28028805
28028830
28028945
28029111
28029123
28029160
28029512
28029597
28029691
28029913
28029937
28030150
28030186
28030198
28030216
28030228
28030241
28030371
28030381
28030393
28030435
28030824
28030836
28030848
28031026
28031038
28031051
28031063
28031075
28031099
28031142
28031166
28031211
28031488
28031518
28031521
28031531
28031804
28031971
28032331
28032353
28032468
28032481
28032501
28032511
28032535
28032547
28032584
28033643
28033655
28033680
28033761
28033771
28033801
28033813
28033825
28033837
28033941
28034027
28034052
28034064
28034441
28035305
28035366
28035381
28035482
28035524
28035551
28035615
28035639
28035640
28035676
28035691
28035895
28036191
28036991
28037168
28037171
28037193
28037375
28037533
28037545
28037569
28037661
28037673
28037685
28037740
28037752
28037764
28037788
28037946
28037958
28038057
28038069
28038082
28038112
28038124
28038136
28038197
28038203
28038288
28038291
28038379
28038380
28038392
28038446
28038461
28038616
28038823
28038835
28038847
28038884
28039013
28039131
28039244
28039256
28039359
28039384
28039700
28039724
28039736
28039761
28039785
28039797
28039803
28039815
28039827
28039840
28039876
28040611
28040660
28040672
28040684
28040696
28040714
28040738
28040741
28040799
28040830
28040842
28040881
28040891
28041354
28041381
28041391
28041411
28041433
28041445
28041470
28041482
28041512
28041597
28041615
28041640
28041731
28041809
28042024
28042036
28042048
28042051
28042085
28042097
28042103
28042152
28042590
28042644
28042668
28042671
28042681
28042802
28042814
28042826
28042851
28042981
28042991
28043387
28043399
28043673
28044306
28044321
28044434
28044458
28044641
28044653
28044720
28044744
28044756
28044768
28045037
28045049
28045098
28045165
28045177
28045301
28045475
28045773
28045803
28045815
28046285
28046297
28046364
28046522
28046558
28048403
28049146
28049389
28049390
28049420
28049432
28049444
28049456
28049468
28049481
28049493
28050343
28050380
28050392
28050422
28050434
28050446
28050458
28050562
28050720
28050732
28056126
28056138
28057015
28057027
28057040
28057064
28057076
28057088
28057362
28057751
28058551
28058561
28058597
28058603
28058627
28058639
28058640
28060233
28060245
28060257
28060270
28060282
28060312
28060336
28060348
28060351
28060373
28062011
28062321
28063763
28063799
28063829
28063830
28063878
28063881
28063891
28063908
28063911
28063957
28063970
28063994
28064044
28064056
28064068
28064160
28064381
28064411
28064421
28065528
28065531
28065541
28066119
28066302
28067549
28067550
28067574
28067586
28067598
28067628
28067771
28069169
28069182
28069728
28069741
28069753
28069820
28069844
28070691
28070706
28070721
28070731
28070974
28070986
28071814
28072107
28072223
28072478
28073011
28073033
28073902
28073926
28074037
28074049
28074062
28074244
28074581
28074591
28074608
28074669
28074918
28076320
28077336
28077348
28077865
28078547
28078626
28079436
28079448