28000029
28000042
28000081
28000364
28000376
28000522
28000558
28000595
28000601
28000753
28000765
28000856
28001137
28001241
28001277
28001289
28001371
28001551
28001617
28001629
28001678
28001681
28001769
28001812
28001848
28001873
28001940
28001952
28002038
28002129
28002191
28002211
28002269
28002270
28002282
28002312
28002415
28002464
28002580
28002609
28002695
28002737
28002853
28002877
28002890
28003456
28003493
28003535
28003845
28003900
28003961
28004059
28004266
28004552
28004904
28004965
28004989
28004990
28005039
28005076
28005167
28005179
28005246
28005258
28005349
28005431
28005441
28005465
28005489
28005490
28005571
28005601
28005623
28005726
28005878
28005908
28005933
28005994
28006020
28006044
28006068
28006101
28006123
28006135
28006159
28006238
28006275
28006305
28006317
28006354
28006366
28006391
28006411
28010412
28010424
28010461
28010503
28010618
28010679
28010710
28010722
28010746
28010761
28010771
28010795
28010801
28010850
28010886
28010898
28010931
28010941
28010953
28010990
28011015
28011684
28013309
28015756
28018356
28018381
28018459
28018472
28018496
28018502
28018903
28019464
28019658
28019889
28020119
28020533
28020545
28020582
28020624
28020648
28020740
28020806
28020855
28020867
28020892
28020909
28020910
28020934
28020946
28021045
28021291
28021321
28021367
28021409
28021422
28021434
28021446
28021461
28021550
28021562
28022207
28022797
28022864
28022876
28022943
28022992
28023108
28023111
28023273
28023327
28023364
28023388
28023443
28023534
28023637
28023741
28023807
28023911
28023923
28024071
28024125
28024253
28024290
28024319
28024356
28024460
28024551
28024617
28024629
28024642
28024794
28024800
28024861
28024964
28025014
28025026
28025178
28025373
28025403
28025415
28025567
28025634
28025661
28025804
28025816
28025828
28025968
28025981
28026006
28026067
28026092
28026195
28026523
28026596
28026602
28028155
28028222
28028261
28028301
28028325
28028337
28028374
28028386
28028416
28028428
28028431
28028453
28028465
28028568
28028571
28028672
28028738
28028741
28028775
28028799
28028805
28028842
28028854
28028891
28029123
28029160
28029597
28029603
28029652
28029901
28029913
28030137
28030149
28030150
28030186
28030198
28030216
28030228
28030368
28030411
28030472
28030575
28030824
28030848
28030915
28030927
28030952
28031075
28031087
28031130
28031142
28031211
28031348
28031351
28031415
28031440
28031506
28031521
28031531
28031786
28032331
28032341
28032353
28032389
28032390
28032420
28032456
28032481
28032511
28032584
28032791
28033539
28033621
28033655
28033680
28033692
28033783
28033837
28033928
28033941
28034040
28034052
28034076
28034091
28034441
28035317
28035330
28035342
28035366
28035391
28035421
28035433
28035494
28035512
28035524
28035548
28035551
28035585
28035603
28035615
28035676
28035691
28035895
28036991
28037004
28037031
28037041
28037089
28037171
28037201
28037508
28037521
28037545
28037557
28037636
28037648
28037673
28037740
28038069
28038136
28038151
28038197
28038203
28038252
28038276
28038306
28038318
28038321
28038343
28038355
28038446
28038461
28038471
28038616
28038801
28038823
28038859
28038860
28038884
28038896
28038914
28039013
28039037
28039074
28039086
28039244
28039347
28039359
28039360
28039384
28039669
28039700
28039815
28039827
28039839
28039840
28039888
28039891
28039955
28039967
28039980
28039992
28040015
28040027
28040039
28040611
28040660
28040672
28040702
28040714
28040741
28040751
28040787
28040799
28040866
28040891
28041354
28041366
28041378
28041433
28041445
28041494
28041512
28041597
28041640
28041731
28041743
28041767
28041792
28042012
28042048
28042073
28042085
28042103
28042152
28042671
28042681
28042796
28042802
28042814
28042826
28043016
28043028
28043031
28043041
28043387
28044306
28044318
28044653
28044719
28044744
28044756
28044768
28044902
28045037
28045049
28045050
28045062
28045074
28045098
28045104
28045128
28045633
28045645
28045803
28045840
28046091
28046111
28046261
28046303
28046339
28046352
28046364
28046558
28047411
28048476
28049365
28049377
28049419
28049626
28050355
28050367
28050379
28050380
28050422
28050446
28050458
28050525
28050537
28050549
28050550
28050562
28057027
28057039
28057064
28057076
28057088
28057209
28057210
28057222
28057271
28057751
28058548
28058551
28058561
28058597
28058627
28058639
28058640
28058652
28058664
28058676
28058688
28058718
28059279
28060211
28060233
28060245
28060282
28060324
28060336
28060348
28060351
28060373
28060385
28060397
28062011
28062035
28062345
28063751
28063775
28063787
28063878
28063911
28063945
28063957
28063982
28063994
28064007
28064056
28064068
28064071
28064081
28064160
28064421
28065516
28065531
28066090
28066107
28066119
28067574
28067598
28067604
28069169
28069170
28069212
28069340
28069728
28069741
28069820
28070691
28070718
28070721
28070974
28070986
28071310
28071361
28071371
28071383
28071802
28071814
28071826
28072107
28072223
28072466
28072478
28072995
28073008
28073033
28073859
28073872
28073884
28073896
28073902
28073914
28073926
28073938
28073941
28073963
28074062
28074244
28074256
28074578
28074591
28074608
28074669
28074670
28074918
28075492
28075509
28075510
28075546
28075777
28076290
28076307
28076320
28076368
28076371
28076381
28077208
28077211
28077269
28077336
28077348
28077491
28077841
28077865
28077877
28077889
28077890
28077907
28078031
28078043
28078547
28078559
28078572
28078584
28078596
28078602
28078614
28078626
28079357
28079370
28079394
28079400
28079424
28079436
28079448
28079451
28080025
28080037
28080050
28080475
28080517
28080967
28080980