28002270
28002956
28004825
28004904
28005003
28005091
28005179
28005258
28005261
28005635
28005660
28005878
28005911
28005933
28005945
28006007
28006071
28006159
28006184
28006196
28006202
28006411
28010591
28010643
28010655
28010680
28010783
28010813
28010862
28010874
28010916
28010928
28010931
28010965
28010989
28014272
28018460
28018472
28019464
28020201
28020739
28020776
28020806
28020958
28021318
28021422
28021549
28022797
28023881
28025968
28025971
28025993
28026547
28028143
28028271
28028431
28028684
28029123
28030174
28030228
28030344
28030575
28030939
28030952
28030964
28032481
28033679
28033941
28035482
28035524
28035536
28037031
28037053
28038100
28038321
28038331
28038801
28038811
28040702
28040741
28040751
28042620
28042668
28044902
28045840
28050434
28056023
28056035
28056047
28056059
28056060
28056072
28056084
28056096
28056114
28056400
28056412
28056424
28056436
28056448
28056451
28057271
28057362
28058020
28058603
28060361
28060373
28066375
28700982
28701020
28701032
28701056