28000029
28000364
28000467
28000522
28000753
28001629
28001642
28001678
28001769
28001812
28001848
28001873
28002026
28002038
28002105
28002181
28002211
28002312
28002415
28002580
28002853
28003201
28003304
28003882
28003894
28003900
28004059
28005428
28005520
28005556
28013899
28015756
28018344
28018356
28018368
28018371
28018381
28018423
28018435
28018460
28018472
28018484
28018903
28019312
28019351
28019464
28019889
28019971
28020119
28020201
28020341
28020545
28020557
28020570
28020582
28020624
28020648
28020703
28020715
28020727
28020739
28020806
28020831
28020855
28020892
28020909
28020910
28020934
28020946
28020958
28020961
28021008
28021151
28021161
28021173
28021252
28021549
28021550
28021562
28022207
28022724
28022891
28023194
28023327
28023364
28023388
28023741
28023911
28024290
28024642
28025014
28025026
28025129
28025403
28025415
28025658
28025828
28026031
28026092
28028076
28028301
28028350
28028374
28028404
28028428
28028431
28028453
28028465
28028477
28028568
28028571
28028611
28028672
28028684
28029241
28029664
28030101
28030113
28030125
28030137
28030149
28030150
28030162
28030174
28030186
28030204
28030216
28030228
28030241
28030575
28030903
28030915
28030927
28030939
28030952
28030964
28030976
28030991
28031002
28031014
28031555
28032471
28032481
28032501
28032559
28033311
28033321
28033333
28033515
28033539
28033552
28033564
28033679
28033850
28034441
28035305
28035317
28035330
28035342
28036309
28036310
28036656
28036930
28036942
28036978
28036981
28036991
28037004
28037016
28037028
28037031
28037041
28037053
28037065
28037077
28037089
28037387
28037624
28037818
28037892
28038070
28038100
28038151
28038291
28038306
28038355
28038367
28038379
28038422
28038446
28038550
28038616
28038631
28038641
28038665
28038689
28038801
28038823
28038835
28038847
28038859
28038860
28038872
28038884
28038896
28038902
28038914
28038926
28039037
28039116
28039128
28039323
28039335
28039669
28039670
28039682
28039700
28039724
28039797
28039803
28039827
28039839
28039840
28039864
28039876
28039888
28039891
28039943
28039992
28040003
28040027
28040611
28040660
28040672
28040684
28040696
28040702
28040714
28040738
28040741
28040751
28040775
28040787
28040799
28040994
28041354
28041366
28041378
28041381
28041391
28041411
28041433
28041445
28041470
28041482
28041494
28041500
28041512
28041597
28041615
28042000
28042012
28042024
28042036
28042048
28042051
28042061
28042073
28042085
28042097
28042103
28042115
28042191
28042590
28042607
28042620
28042632
28042644
28042656
28042668
28042671
28042681
28042875
28042887
28042929
28042930
28042942
28042954
28042981
28042991
28043016
28043028
28043235
28043259
28043260
28044306
28044318
28044501
28044513
28044549
28044562
28044574
28044628
28044719
28044720
28044744
28044756
28044768
28044896
28044902
28045025
28045037
28045049
28045050
28045268
28045271
28045281
28045293
28045311
28045323
28045347
28045359
28045360
28045372
28045396
28045414
28045426
28045438
28045441
28045463
28045608
28045621
28045633
28045645
28045657
28045669
28045773
28045803
28045815
28045839
28045840
28046091
28046111
28046251
28046261
28046273
28046285
28046297
28046303
28046315
28046339
28046352
28046364
28046376
28046467
28046479
28046522
28046558
28047411
28048282
28048294
28048476
28049341
28050525
28050537
28050549
28050550
28050562
28050720
28050732
28056400
28056412
28056424
28056436
28056448
28056451
28057076
28057088
28057180
28057209
28057210
28057222
28057271
28057660
28057672
28057684
28057751
28057805
28057957
28057969
28057970
28057982
28057994
28058007
28058019
28058585
28058603
28058615
28058627
28058639
28058640
28058652
28058664
28058676
28058688
28059279
28059361
28059371
28059383
28059395
28059401
28060270
28060348
28060373
28060385
28060397
28060816
28060968
28060971
28062011
28062023
28062035
28062126
28063799
28064007
28064044
28064160
28064721
28065632
28065644
28065671
28065711
28065841
28066065
28067604
28067628
28067653
28067744
28067768
28069391
28069431
28069704
28069844
28070691
28070962
28070974
28071310
28072107
28072223
28073859
28073872
28074037
28074049
28074050
28074062
28074244
28074669
28074670
28074852
28074918
28075492
28075509
28075510
28075820
28076319
28076368
28076371
28076381
28077269
28077491
28077889
28077890
28077907
28077971
28078031
28078043
28078547
28078559
28078560
28078857
28079357
28079370
28079394
28079400
28079451
28080025
28080037
28080050
28080141
28080232
28700180
28700192
28700209
28700210
28700222
28700234
28700246
28700258
28700261
28700283
28700295
28700313
28700325
28700337
28700350
28700362
28700374
28700386
28700398
28700404
28700416
28700428
28700431
28700441
28700453
28700465
28700477
28700489
28700490
28700507
28700520
28700532
28700544
28700556
28700568
28700571
28700581
28700593
28700601
28700611
28700623
28700635
28700647
28700659
28700660
28700672
28700684
28700696
28700702
28700714
28700726
28700738
28700741
28700751
28700763
28700787
28700908
28700911
28700921
28700994
28701007
28701019
28701044
28701202